241 158
242 186
246 210
254 237
270 260
287 279
306 284
327 279
345 258
360 234
368 210
373 189
375 164
340 97
307 89
275 93
285 130
271 129
257 138
271 136
284 138
298 140
323 143
336 134
350 134
363 145
350 142
336 142
343 152
278 147
291 161
284 155
278 153
271 155
265 159
271 164
277 165
284 164
278 158
344 163
330 164
337 159
344 157
349 159
355 164
349 168
343 170
336 168
319 186
309 186
298 186
297 205
308 200
319 207
330 203
323 210
308 212
292 208
286 201
282 232
292 225
301 223
307 224
313 223
322 227
330 235
318 233
307 232
296 231
296 236
307 238
318 237
325 243
317 247
306 248
296 246
288 241
